test000_vec = [
1
2
3
4
5
]