test001_vec = [
5.123
2.1245
3.43534
4.3647
5.67567
]